##############################
# C8 
2019a-082-P/J0203-0150
20190517
20190524
20190529
20190614
20190704
20190706
20190712
20190718
20190725
20190910
20190912
20190924
20190925
PT2020_0137/J0203-0150
20201003
20210214
20210405
20210513
ZD2020_6/C8_J0203-0150
20200210
20200218
20200225
20200312
20200314
20200321
20200326
20210523
3045/C8 # 
20191008
20191018
20191102
20191116
20191123
20191227
1004/C8 # 
20190629  
20190630





##############################
# C69
2019a-082-P/J0631+4142
20190706
20190707
20190709
20190712
20190718
20190719
20190720
20190721
20190725
2019a-082-P/J0631+4147
20190813
20190823
20190908
20190910
20190911
20190913
20190914
20190924
20190927
20190928
PT2020_0137/J0631+4147
20201003
20210214
20210315
20210405
20210423
20210512
ZD2020_6/C69_J0631+4147
20200416
20200502
20200510
20200518
20200519
20200524
20200530
20200602
20200729
20200809
20200820
20200830
3045/C69 # 
20191008
20191018
20191024
20191102
20191103
20191105
20191107
20191111
20191112
20191114
20191116
20191117
20191118
20191119
20191120
20191122
20191123
20191124
20191125
20191227
1004/C69 # 
20190629  
20190630  
20190724  
20190803  
20190921





##############################
# 19C3
PT2020_0137/J2355+0050
20201005
20210213
20210318
20210512
ZD2020_6/19C3_J2355+0049
20200223
20200301
20200306
20200325
20200416
ZD2020_6/19C3_J2355+0050
20210522
3045/19C3 # 
20200107



##############################
# 19C4
PT2020_0137/J1929+0133
20201109  
20210228  
20210321  
20210515
ZD2020_6/19C4_J1929+0129
20200220
20200226
20200305
20200403
20200416
20200503
20200510
20200519
20200602
20200731
20200810
20200821
20200831
20201109
3045/19C4 #
20200107



##############################
# 19C13
PT2020_0137/J1720-0533
20201017
20201101
20201105
20201229
20201231
20210214
20210218
20210325
20210409
20210523
ZD2020_6/19C13_J1720-0533
20200519
20200522
20200525
20200526
20200530
20200602
20200731
20200813
20200820
20200902
20200917
20200929
20201007
20201018
20201111
20201203
20201209
20201222
20210104
20210117
20210211
20210223
20210401
20210502



##############################
# 19C14
2019a-082-P/J1811-0622
20190725
20190726
20190727
20190908
20190916
20190917
ZD2020_6/19C14_J1810-0615
20200503
20200510
20200519
20200526
20200602
20200731
20200812
20200819
20201026
3045/19C14 # 
20190715
20191018
20191024
20191102
20191116
20191123
20191213
20191229
1004/19C14
20190623  
20190624  
20190804  
20190809  
20190813  
20190907





##############################
# 19C17
PT2020_0137/J2001+0701
20201109
20210228
20210321
20210512
ZD2020_6/19C17_J2001+0701
20200403
20200503
20200510
20200602
20200730
20200811
20200821
20200901
3045/19C17 # 
20200107




##############################
# 19C22
2019a-082-P/J2204+0945
20190518
20190913
20190918
20190922
20190923
PT2020_0137/J2204+0945
20201005
20210213
20210512
PT2020_0137/19C22_J2204+09
20200403  
20200428  
20200510  
20200519  
20200602  
20200729  
20200809
3045/19C22 # 
20191008
20191018
20191024
20191102
20191103
20191105
20191107
20191111
20191112
20191113
20191114
20191115
20191116
20191118
20191122
20191123
20191124
20191125
3045/J2204+0945 
20190529




##############################
# 19C25
2019a-082-P/J0925+6102
20190813
20190914
20190918
20190919
20190921
20190922
20190923
20190924
20190925
20190926
20190927
PT2020_0137/J0925+6102
20201003
20210215
20210317
20210512
ZD2020_6/19C25_J0924+6102
20200424
20200428
20200502
20200519
20200524
20200602
20200730
20200809
20200820
20200830
20200917
20200926
1004/19C25 # 
20190629  
20190630  
20190724
3045/19C25
20191008  
20191018  
20191024  
20191102  
20191103  
20191105  
20191107  
20191111  
20191112  
20191113  
20191114  
20191115  
20191116  
20191118  
20191122  
20191123  
20191124
20191125






##############################
# 19C38
2019a-082-P/J1912-0953
20190725
20190726
20190727
20190908
20190918
PT2020_0137/J1912-0953
20201109
20210228
20210327
20210517
20210527
ZD2020_6/19C38_J1912-0953
20200503
20200510
20200519
20200602
20200731
20200816
20200908
3045/19C38 # 
20190715
20191018
20191024
20191102
20191116
20191123
20191214
20191229




##############################
# 19C48
PT2020_0137/J1807-0849
20201017
20210214
20210327
20210515
ZD2020_6/19C48_J1807-0840
20200424
20200819
20201216
20201231
20210109
20210319
20210410
20210417
20210422
3045/19C48 # 
20191018
20191024
20191102
20191116
20191123
20191213
1004/19C48 # 
20190623  
20190624





##############################
# 19C51
2019a-082-P/J1824-0622
20190725
20190726
20190727
20190908
20190916
20190917
PT2020_0137/J1824-0622
20201017
20210214
20210327
20210515
ZD2020_6/19C51_J1824-0622
20200403
20200503
20200510
20200519
20200526
20200602
20200804
20200813
20200904
20200906
20201118
20201208
3045/19C51 # 
20191018
20191024
20191102
20191116
20191123
20191213
1004/19C51 # 
20190804  
20190809  
20190813  
20190907






##############################
# 19C54
2019a-082-P/J1813-0402
20190823
20190916
20190917
20190918
PT2020_0137/J1813-0402
20201017
20210214
20210327
20210513
ZD2020_6/19C54_J1813-0402
20200424
20200503
20200510
20200519
20200526
20200602
20200804
20200812
20200908
20201118
3045/19C54 # 
20191018
20191024
20191102
20191116
20191123
20191214
20191229




##############################
# 19C62
PT2020_0137/J1908+0128
20201017
20210214
20210318
20210513
ZD2020_6/19C62_J1908+0128
20200209  
20200416  
20200811
ZD2020_6/19C62_1908+0128
20200822  
20200903  
20201006



##############################
#19C63
2019a-082-P/J2240+0255
20190915
PT2019_0137/J2027+0255
20201108
20210227
20210315
20210320
20210511
20210521
20210522
20210523
ZD2020_6/19C63_J2027+0255
20200403
20200416
20200510
20200519
20200602
20200730
20200809
20200819
20200831
20200917
3045/19C63 # 
20191018
20191024
20191102
20191116
20191123
20191214
20200107
1004/19C63 # 
20190911




##############################
# 19C64
PT2020_0137/J2015+0756
20201109
20210228
20210321
20210512
20210521
20210522
20210523
ZD2020_6/19C64_J2016+0756
20200210
20200220
20200226
20200305
20200320
20200403
20200503
20200510
20200602
20200730
20200810
20200821
20200831
20200917
3045/19C64 # 
20200107





##############################
# C55
2019a-082-P/J1243+3946
20190614
# 19C17
##############################
2019a-082-P/J2001+0703
20190915
##############################
