58978.863346327 +3.35189614e+01 +0.00000000e+00 1.425e+01
58978.863346572 +2.04345715e+01 -1.23489834e-03 2.139e+01
58978.863346939 -2.10613229e+01 -5.15126064e-03 8.492e+00
58978.863347185 +1.74482453e+01 -1.51674636e-03 7.622e+00
58978.863785967 +6.11746677e+01 +2.61013210e-03 6.628e+00
58978.863786335 +2.45298068e+01 -8.48392025e-04 6.418e+00
58978.863786702 -8.12597699e+00 -3.93042900e-03 8.393e+00
58978.863786948 +1.32181531e+00 -3.03875096e-03 8.235e+00
58978.864480562 +1.87914368e+01 -1.38997659e-03 7.744e+00
58978.864481052 -4.26712166e+01 -7.19079189e-03 8.506e+00
58978.864481298 -9.24382920e-01 -3.25074606e-03 8.057e+00
58978.864481543 +2.37902315e+01 -9.18192789e-04 7.432e+00
58978.865175157 -8.62945706e-01 -3.24494764e-03 7.434e+00
58978.865175525 -1.04934933e+00 -3.26254033e-03 7.180e+00
58978.865175770 -1.47009233e+01 -4.55096923e-03 4.879e+00
58978.865176016 +4.23312615e+00 -2.76398286e-03 6.076e+00
58978.865782683 +4.54930408e+01 +1.13010779e-03 8.058e+00
58978.865783173 -1.45847985e+01 -4.54000942e-03 6.599e+00
58978.865783418 +3.62914368e-02 -3.16007808e-03 4.606e+00
58978.865783664 +1.50165315e+01 -1.74625032e-03 2.035e+01
58987.900007653 +2.62513711e+01 -6.85911626e-04 5.947e+00
58987.900008020 -1.50194377e+01 -4.58103046e-03 7.468e+00
58987.900008389 +2.23577528e+00 -2.95249186e-03 6.502e+00
58987.900008634 +2.15158507e+01 -1.13284774e-03 6.070e+00
58987.900702249 +5.33098360e+01 +1.86785311e-03 5.921e+00
58987.900702616 +4.61950876e-01 -3.11990455e-03 8.505e+00
58987.900702984 +2.69230360e+01 -6.22520223e-04 3.902e+00
58987.900703229 +1.27617877e+01 -1.95905194e-03 7.421e+00
58987.901396720 -4.19136423e+01 -7.11929239e-03 6.925e+00
58987.901397089 +2.24346656e+01 -1.04613043e-03 7.055e+00
58987.901397456 -2.64113339e+01 -5.65619208e-03 4.991e+00
58987.901397702 +1.22745727e+01 -2.00503506e-03 4.743e+00
58987.902062252 +2.14952861e+01 -1.13478862e-03 1.388e+01
58987.902062620 +3.32361489e+01 -2.66917050e-05 6.744e+00
58987.902062987 -7.56222690e+00 -3.87722254e-03 5.190e+00
58987.902063233 +9.12053252e+00 -2.30271183e-03 4.522e+00
59001.808380341 +2.08858873e+01 -1.19230337e-03 1.138e+01
59001.808380831 -5.31006849e+00 -3.66466492e-03 9.688e+00
59001.808381077 +9.83380022e+00 -2.23539397e-03 1.054e+01
59001.808381323 +9.84109284e+01 +6.12447225e-03 9.947e+00
59001.808802935 +5.50341407e+00 -2.64409371e-03 7.518e+00
59001.808803303 -7.93442234e+00 -3.91235016e-03 6.128e+00
59001.808803549 +2.63482931e+01 -6.76764175e-04 7.749e+00
59001.808803793 -5.20609071e+01 -8.07698630e-03 1.814e+01
59001.809497408 +2.57251386e+01 -7.35577196e-04 5.913e+00
59001.809497776 +1.10106988e+01 -2.12431885e-03 8.361e+00
59001.809498021 +6.21892205e+01 +2.70588510e-03 5.696e+00
59001.809498266 -1.03388811e+01 -4.13928181e-03 9.488e+00
59001.810191881 +6.07311080e+01 +2.56826915e-03 6.759e+00
59001.810192371 +4.91281780e+01 +1.47319026e-03 1.228e+01
59001.810192616 -3.86516282e+01 -6.81142509e-03 9.406e+00
59001.810192861 -4.68193437e+01 -7.58229010e-03 6.508e+00
59001.810816820 +2.35828685e+01 -9.37763602e-04 7.956e+00
59001.810817310 -6.60739431e+00 -3.78710590e-03 1.243e+01
59001.810817555 -1.64051794e+01 -4.71181609e-03 1.466e+01
59001.810817801 +2.87852171e+01 -4.46768478e-04 7.459e+00
59059.760884434 +8.75072735e+01 +5.09539060e-03 2.333e+01
59059.760885170 +6.39162516e+01 +2.86888145e-03 1.745e+01
59059.760885293 +5.97279822e+01 +2.47359462e-03 1.065e+01
59059.760885536 -8.22478148e+01 -1.09260119e-02 2.151e+01
59059.761411022 +8.25920990e+01 +4.63149883e-03 1.124e+01
59059.761411758 +6.65177515e+01 +3.11440974e-03 1.066e+01
59059.761411880 +4.78374044e+01 +1.35136768e-03 1.886e+01
59059.761412124 -2.56503651e+01 -5.58437221e-03 9.502e+00
59059.762105494 +7.67976007e+01 +4.08461690e-03 1.033e+01
59059.762106230 +5.85317623e+01 +2.36069597e-03 1.079e+01
59059.762106352 +5.13113968e+00 -2.67922878e-03 8.823e+00
59059.762106596 -1.31442347e+02 -1.55689679e-02 1.028e+01
59059.762799965 -7.42882715e+01 -1.01747941e-02 9.270e+00
59059.762800703 +1.22666451e+02 +8.41369666e-03 1.396e+01
59059.762800825 +1.16274195e+01 -2.06611305e-03 7.407e+00
59059.762801069 -9.64201743e+01 -1.22635923e-02 2.215e+01
59059.763321404 +1.26037998e+02 +8.73190165e-03 1.248e+01
59059.763321526 +1.90058257e+01 -1.36974268e-03 8.800e+00
59059.763321769 -1.41036479e+02 -1.64744575e-02 1.213e+01
59069.726658065 +1.13315443e+02 +7.53115304e-03 2.006e+01
59069.728741357 -1.54548778e+02 -1.77497417e-02 1.766e+01
59079.742445369 -3.56334119e+00 -3.49980965e-03 6.439e+00
59079.742445736 -7.23632914e+01 -9.99311544e-03 7.730e+00
59079.742446104 -7.28908857e+01 -1.00429095e-02 9.927e+00
59079.742446349 -6.62651989e+01 -9.41758044e-03 8.382e+00
59079.743139842 +5.45343568e+01 +1.98342279e-03 1.112e+01
59079.743140210 +9.64509964e+01 +5.93949482e-03 1.092e+01
59079.743140577 -2.74711999e+01 -5.75622171e-03 1.155e+01
59079.743140822 -4.25977604e+01 -7.18385912e-03 7.913e+00
59079.743834314 +2.57229282e+01 -7.35785812e-04 1.029e+01
59079.743834681 -3.42130115e+01 -6.39251061e-03 1.562e+01
59079.743835050 +2.44433053e+01 -8.56555998e-04 1.709e+01
59079.743835295 -3.22238735e+00 -3.46763059e-03 7.343e+00
59079.744528664 +5.07816344e+01 +1.62924267e-03 8.521e+00
59079.744529031 -3.20202378e+01 -6.18555769e-03 1.361e+01
59079.744529400 +3.87058569e+01 +4.89536673e-04 2.103e+01
59079.744529644 -7.45507364e+01 -1.01995654e-02 1.460e+01
59092.664903589 +1.31045967e+01 -1.92669779e-03 8.270e+00
59092.664903834 +4.16212727e+01 +7.64692202e-04 7.699e+00
59092.664904201 -5.33154656e+01 -8.19539092e-03 1.133e+01
59092.664904448 +1.02618243e+02 +6.52155653e-03 9.332e+00
59092.665597939 +3.03554453e+00 -2.87701003e-03 7.727e+00
59092.665598183 -3.87319130e+01 -6.81900233e-03 1.180e+01
59092.665598552 +1.79147181e+01 -1.47272088e-03 1.827e+01
59092.665598797 -1.65870438e+01 -4.72898036e-03 1.132e+01
59092.666292412 +5.89018263e+01 +2.39562243e-03 7.045e+00
59092.666292657 +3.88210344e+01 +5.00407070e-04 7.497e+00
59092.666293024 -6.22483537e+01 -9.03847255e-03 1.848e+01
59092.666293270 +1.36001995e+01 -1.87992305e-03 1.276e+01
59092.666986761 +4.24620133e+01 +8.44040886e-04 7.010e+00
59092.666987006 -1.21283362e+01 -4.30816971e-03 8.394e+00
59092.666987375 +6.67176149e+01 +3.13327275e-03 2.289e+01
59092.666987620 +4.76154568e+01 +1.33042037e-03 1.335e+01
59109.635486849 +5.73053666e+01 +2.24494934e-03 1.082e+01
59109.635487339 +2.70015248e+01 -6.15112484e-04 8.401e+00
59109.635487584 -1.51719551e+01 -4.59542498e-03 1.061e+01
59109.635487829 -4.71428737e+00 -3.60843539e-03 1.543e+01
59109.636181198 +4.72145262e+01 +1.29258074e-03 1.262e+01
59109.636181566 +1.03681216e+00 -3.06564942e-03 6.325e+00
59109.636181933 -9.67965340e+01 -1.22991130e-02 1.271e+01
59109.636182179 +2.08690330e+01 -1.19389407e-03 3.067e+01
59109.636875671 +9.94862249e+00 -2.22455710e-03 1.126e+01
59109.636876161 +3.72597239e+01 +3.53051350e-04 9.654e+00
59109.636876406 -7.85532168e+00 -3.90488468e-03 1.415e+01
59109.636876651 -8.03063385e+00 -3.92143056e-03 9.614e+00
59109.637570020 -6.16173391e-02 -3.16931866e-03 1.218e+01
59109.637570511 -1.37075864e+01 -4.45721857e-03 8.419e+00
59109.637570756 -5.13329560e+01 -8.00828263e-03 1.755e+01
59109.637571001 -3.82191205e+01 -6.77060522e-03 1.675e+01
59162.421966086 -1.37806282e+01 -4.46411222e-03 1.484e+01
59162.421966577 -2.02567776e+01 -5.07532805e-03 1.438e+01
59162.421966822 -3.26562205e+01 -6.24558143e-03 6.318e+00
59162.421967067 -3.12884580e+01 -6.11649267e-03 9.069e+00
59162.422660436 -4.25788733e+01 -7.18207657e-03 4.922e+00
59162.422660804 -2.16437824e+01 -5.20623289e-03 7.750e+00
59162.422661172 -1.46733920e+01 -4.54837084e-03 1.504e+01
59162.422661417 -6.14570313e+01 -8.96378793e-03 1.157e+01
59162.423354909 -2.16142776e+01 -5.20344824e-03 7.459e+00
59162.423355399 -4.17836236e+01 -7.10702129e-03 6.918e+00
59162.423355645 +4.22434377e+00 -2.76481174e-03 9.400e+00
59162.423355890 -2.72069390e+01 -5.73128089e-03 5.806e+00
59162.424049258 -2.03546272e+01 -5.08456305e-03 6.745e+00
59162.424049749 -1.44241105e+01 -4.52484377e-03 7.563e+00
59162.424049994 -8.35103861e+01 -1.10451728e-02 5.574e+00
59162.424050239 -2.69370731e+01 -5.70581108e-03 1.652e+01
59162.424743608 -3.87974750e+01 -6.82519004e-03 4.771e+00
59162.424744098 -6.94660521e+01 -9.71967541e-03 1.104e+01
59162.424744344 -2.50885885e+01 -5.53135201e-03 6.516e+00
59162.424744590 -1.77947893e+01 -4.84296679e-03 1.160e+01
59162.425437958 -2.05838375e+01 -5.10619581e-03 7.263e+00
59162.425438448 -1.00238498e+02 -1.26239639e-02 7.522e+00
59162.425438695 +1.76640353e+01 -1.49638020e-03 6.912e+00
59162.425438939 -3.88120597e+01 -6.82656653e-03 7.932e+00
59162.426132431 -3.85329377e+01 -6.80022314e-03 1.435e+01
59162.426132922 -8.27395522e+00 -3.94439511e-03 6.803e+00
59162.426133167 -2.75056584e+01 -5.75947389e-03 6.504e+00
59162.426133412 -2.13804885e+01 -5.18138334e-03 7.342e+00
59162.426826781 -2.56458061e+01 -5.58394194e-03 6.039e+00
59162.426827271 -4.63265434e+01 -7.53577985e-03 1.153e+01
59162.426827517 -2.88093786e+01 -5.88251837e-03 1.025e+01
59162.426827762 +8.77348035e+00 -2.33546644e-03 8.569e+00
59162.427521131 -1.58151414e+01 -4.65612859e-03 4.972e+00
59162.427521621 -2.32811345e+01 -5.36076538e-03 9.731e+00
59162.427521867 -2.29280235e+01 -5.32743894e-03 1.198e+01
59162.427522112 -2.85819050e+01 -5.86104952e-03 9.226e+00
59162.428215481 -1.45307819e+01 -4.53491136e-03 6.886e+00
59162.428215848 -3.30486648e+01 -6.28262013e-03 1.107e+01
59162.428216216 -5.23449629e+01 -8.10379535e-03 9.686e+00
59162.428216462 -2.85881809e+01 -5.86164184e-03 1.149e+01
59162.428909953 -1.55691162e+01 -4.63290885e-03 5.292e+00
59162.428910444 -1.93666978e+01 -4.99132276e-03 6.536e+00
59162.428910689 -2.03242342e+01 -5.08169457e-03 6.153e+00
59162.428910934 -4.94706762e+01 -7.83252157e-03 1.179e+01
59162.429604303 -1.58981300e+01 -4.66396101e-03 5.558e+00
59162.429604794 -1.90801158e+01 -4.96427529e-03 6.296e+00
59162.429605039 -3.16007359e+01 -6.14596531e-03 1.058e+01
59162.429605285 +1.86485307e+01 -1.40346400e-03 7.205e+00
59162.430298652 -8.29791604e+01 -1.09950360e-02 9.638e+00
59162.430299021 -1.98098431e+01 -5.03314659e-03 7.158e+00
59162.430299389 -3.41498178e+01 -6.38654642e-03 4.785e+00
59162.430299634 -4.40557150e+01 -7.32146017e-03 1.297e+01
59162.430993003 -2.17560785e+01 -5.21683134e-03 6.008e+00
59162.430993371 -3.47203964e+01 -6.44039735e-03 9.021e+00
59162.430993738 -6.25878471e+01 -9.07051377e-03 1.023e+01
59162.430993984 -4.13770880e+01 -7.06865266e-03 2.469e+01
59273.127012979 -2.21562197e+01 -5.25459647e-03 1.008e+01
59273.127013347 -2.53865186e+01 -5.55947050e-03 1.009e+01
59273.127013715 -1.83919914e+01 -4.89933044e-03 2.193e+01
59273.127013960 -2.51627947e+01 -5.53835556e-03 1.308e+01
59273.127707452 -5.43593851e+01 -8.29391554e-03 8.612e+00
59273.127707820 +6.88161676e+00 -2.51401961e-03 5.292e+00
59273.127708187 -4.85018708e+01 -7.74108618e-03 7.962e+00
59273.127708432 -7.59305772e+01 -1.03297941e-02 1.293e+01
59273.128401924 -7.47818019e+01 -1.02213733e-02 6.271e+00
59273.128402292 -7.87109022e+01 -1.05921999e-02 7.040e+00
59273.128402661 +1.59320083e+00 -3.01313773e-03 9.669e+00
59273.128402906 -1.55939042e+01 -4.63524833e-03 7.221e+00
59273.129096397 -2.46302863e+01 -5.48809767e-03 1.016e+01
59273.129096765 -2.48834163e+01 -5.51198795e-03 7.677e+00
59273.129097133 -2.02027413e+01 -5.07022813e-03 7.350e+00
59273.129097378 -1.01348958e+00 -3.25915590e-03 8.923e+00
59273.129790870 -2.12593114e+01 -5.16994670e-03 9.135e+00
59273.129791237 -5.24646401e+01 -8.11509043e-03 7.969e+00
59273.129791606 -1.22944120e+01 -4.32384387e-03 1.099e+01
59273.129791850 -4.24933783e+01 -7.17400759e-03 6.643e+00
59273.130485342 -4.38629960e+01 -7.30327144e-03 7.375e+00
59273.130485710 -9.07441521e+00 -4.01994213e-03 1.007e+01
59273.130486078 -2.23849169e+01 -5.27618080e-03 1.095e+01
59273.130486323 -5.92456666e+01 -8.75508040e-03 8.508e+00
59273.131179815 -1.92646248e+01 -4.98168916e-03 1.058e+01
59273.131180183 +2.13671027e+01 -1.14688650e-03 1.004e+01
59273.131180550 -1.03713105e+02 -1.29518956e-02 8.987e+00
59273.131180796 -2.61926032e+01 -5.63554838e-03 6.314e+00
59273.131874287 -2.58243352e+01 -5.60079142e-03 7.061e+00
59273.131874778 +2.62083840e+00 -2.91614980e-03 1.148e+01
59273.131875023 -2.58508205e+01 -5.60329109e-03 6.992e+00
59273.131875268 -1.37479853e+01 -4.46103141e-03 6.951e+00
59273.132568760 -4.20604561e+01 -7.13314861e-03 1.097e+01
59273.132569250 -1.74338235e+01 -4.80889902e-03 1.171e+01
59273.132569496 +3.78835889e+01 +4.11931425e-04 1.438e+01
59273.132569740 -9.33797723e+01 -1.19766407e-02 9.272e+00
59273.133263232 -3.54236187e+01 -6.50676712e-03 5.881e+00
59273.133263723 -4.41462427e+01 -7.33000413e-03 1.000e+01
59273.133263968 -3.74036613e+01 -6.69364259e-03 1.365e+01
59273.133264213 -5.36259673e+01 -8.22469592e-03 1.213e+01
59273.133958195 -4.45104057e+01 -7.36437365e-03 8.406e+00
59273.133958441 -2.42962004e+01 -5.45656681e-03 1.056e+01
59273.133958686 -1.35304585e+01 -4.44050133e-03 1.605e+01
59273.134652177 -2.43498026e+01 -5.46162575e-03 1.034e+01
59273.134652668 -3.56860245e+01 -6.53153285e-03 6.564e+00
59273.134652912 -9.01542100e+01 -1.16722137e-02 1.043e+01
59273.134653158 -9.13748626e+01 -1.17874183e-02 1.140e+01
59273.135346650 -3.47333825e+01 -6.44162297e-03 7.104e+00
59273.135347018 +2.64082699e+01 -6.71103597e-04 9.049e+00
59273.135347385 -6.30244204e+01 -9.11171734e-03 9.560e+00
59273.135347631 -2.36540404e+01 -5.39596006e-03 7.064e+00
59273.136041123 +1.49069364e+00 -3.02281231e-03 6.917e+00
59273.136041490 -8.16037997e+01 -1.08652301e-02 7.082e+00
59273.136041859 +8.56743691e-01 -3.08264419e-03 1.272e+01
59273.136042104 -2.75993635e+01 -5.76831773e-03 9.561e+00
59289.084839665 -2.91510627e+01 -5.91476634e-03 9.623e+00
59289.084840156 +3.02961226e+01 -3.04169953e-04 1.212e+01
59289.084840401 -2.63156750e+01 -5.64716384e-03 1.405e+01
59289.084840646 -2.75354593e+01 -5.76228648e-03 1.050e+01
59289.085534138 -1.37366965e+01 -4.45996597e-03 8.538e+00
59289.085534506 -3.79919034e+01 -6.74916059e-03 7.197e+00
59289.085534874 -3.15024916e+01 -6.13669306e-03 5.807e+00
59289.085535119 -1.73548018e+01 -4.80144098e-03 8.107e+00
59289.086228611 +8.16846293e+00 -2.39256769e-03 7.126e+00
59289.086228979 +6.82265074e+01 +3.27568129e-03 7.961e+00
59289.086229347 +1.04246079e+01 -2.17963383e-03 6.975e+00
59289.086229590 -1.13097822e+02 -1.38376206e-02 1.237e+01
59289.086923083 -3.31128453e+01 -6.28867745e-03 6.691e+00
59289.086923451 -3.15174513e+01 -6.13810495e-03 7.080e+00
59289.086923819 -3.58941176e+01 -6.55117258e-03 1.340e+01
59289.086924064 -5.72173504e+01 -8.56364891e-03 8.580e+00
59289.087617555 -3.86745216e+01 -6.81358576e-03 6.946e+00
59289.087617923 -7.14787178e+01 -9.90962982e-03 2.401e+01
59289.087618291 -3.46855432e+01 -6.43710792e-03 6.689e+00
59289.087618537 -2.41123033e+01 -5.43921068e-03 7.975e+00
59289.088312151 -3.80845822e+01 -6.75790757e-03 1.022e+01
59289.088312518 -8.49192383e+01 -1.11781396e-02 1.805e+01
59289.088312886 -9.91225039e+01 -1.25186369e-02 8.841e+00
59289.088313132 -3.16183401e+01 -6.14762679e-03 1.170e+01
59289.089006623 -3.78032697e+01 -6.73135743e-03 4.899e+00
59289.089006990 -8.28886723e+01 -1.09864958e-02 6.832e+00
59289.089007359 -7.48908642e+00 -3.87031958e-03 8.358e+00
59289.089007605 -5.46183597e+00 -3.67898867e-03 1.447e+01
59289.089701095 -6.96705731e+01 -9.73897800e-03 7.047e+00
59289.089701464 -1.51507195e+01 -4.59342077e-03 9.194e+00
59289.089701832 -2.02656192e+01 -5.07616252e-03 7.026e+00
59289.089702077 -2.32517481e+01 -5.35799190e-03 6.558e+00
59289.090395568 -3.40722368e+01 -6.37922436e-03 6.777e+00
59289.090395936 -4.56224359e+00 -3.59408557e-03 1.602e+01
59289.090396304 -4.10258716e+01 -7.03550503e-03 8.482e+00
59289.090396550 +2.18625476e+01 -1.10012665e-03 1.397e+01
59289.091090041 -2.97882887e+01 -5.97490743e-03 5.427e+00
59289.091090531 -9.27267182e+01 -1.19150057e-02 9.459e+00
59289.091090777 -2.44750848e+01 -5.47344983e-03 1.325e+01
59289.091091022 +2.22229214e+01 -1.06611475e-03 7.578e+00
59289.091784513 -4.39443465e+01 -7.31094927e-03 7.626e+00
59289.091785004 -2.45647243e+01 -5.48190996e-03 7.804e+00
59289.091785249 -1.79437149e+01 -4.85702232e-03 8.848e+00
59289.091785494 -6.49400063e+01 -9.29250941e-03 1.536e+01
59289.092478986 +1.17210062e+01 -2.05728039e-03 5.004e+00
59289.092479476 -2.83208610e+01 -5.83641231e-03 1.045e+01
59289.092479722 -3.09526947e+01 -6.08480349e-03 1.137e+01
59289.092479967 -3.27405511e+01 -6.25354052e-03 1.235e+01
59289.093173581 -7.12290613e+01 -9.88606736e-03 7.992e+00
59289.093173949 -3.46138237e+01 -6.43033907e-03 7.658e+00
59289.093174317 -4.72881651e+01 -7.62653723e-03 6.956e+00
59289.093174562 -4.34669034e+00 -3.57374176e-03 8.648e+00
59289.093868054 +1.05897957e+01 -2.16404349e-03 8.259e+00
59289.093868421 -4.33808135e+01 -7.25776330e-03 1.810e+01
59289.093868790 +1.51085985e+01 -1.73756108e-03 6.983e+00
59289.093869035 -2.10129310e+01 -5.14669344e-03 7.005e+00
59289.094562525 -1.22484750e+02 -1.47235543e-02 8.470e+00
59289.094562894 -2.57922055e+01 -5.59775904e-03 8.187e+00
59289.094563262 -4.31207760e+01 -7.23322108e-03 8.025e+00
59289.094563508 +5.91960460e+01 +2.42339075e-03 9.231e+00
59289.095257000 +3.65163001e+01 +2.82887369e-04 6.529e+00
59289.095257367 -1.68826450e+01 -4.75687906e-03 8.690e+00
59289.095257735 -1.95396220e+01 -5.00764325e-03 7.300e+00
59289.095257980 -2.13303204e+01 -5.17664850e-03 8.668e+00
59289.095951471 -3.33935658e+01 -6.31517172e-03 6.589e+00
59289.095951840 -5.86574668e+00 -3.71710956e-03 8.965e+00
59289.095952207 -3.62910814e+01 -6.58863783e-03 7.261e+00
59289.095952452 -5.24029069e+01 -8.10926408e-03 1.163e+01
59289.096645944 -3.90321718e+01 -6.84734061e-03 1.008e+01
59289.096646312 -3.32301937e+01 -6.29975274e-03 6.972e+00
59289.096646680 -1.77926579e+01 -4.84276563e-03 9.655e+00
59289.096646926 +6.79581809e+01 +3.25035676e-03 8.273e+00
59289.097340416 -3.77366814e+01 -6.72507286e-03 6.936e+00
59289.097340784 -3.04647888e+01 -6.03875518e-03 7.870e+00
59289.097341152 -3.89813722e+01 -6.84254616e-03 7.693e+00
59289.097341398 +2.97951517e+01 -3.51451337e-04 1.280e+01
59289.098035012 -5.67699450e+00 -3.69929522e-03 1.034e+01
59289.098035379 -5.45799907e+01 -8.31473619e-03 9.785e+00
59289.098035747 -3.47646044e+01 -6.44456968e-03 1.136e+01
59289.098035993 -2.14252491e+01 -5.18560782e-03 1.754e+01
59289.098729484 -4.36782304e+01 -7.28583336e-03 9.185e+00
59289.098729852 -3.69238472e+01 -6.64835796e-03 1.004e+01
59289.098730220 -2.93511431e+01 -5.93364984e-03 7.780e+00
59289.098730466 +2.93932936e+01 -3.89378518e-04 9.265e+00
59289.099423957 +1.96959631e+01 -1.30460784e-03 6.316e+00
59289.099424325 -2.94227047e+01 -5.94040379e-03 5.953e+00
59289.099424693 -1.59202931e+01 -4.66605276e-03 5.712e+00
59289.099424938 +2.54263797e+01 -7.63773918e-04 1.272e+01
59289.100118429 -5.28322766e+01 -8.14978778e-03 8.905e+00
59289.100118797 -3.38193831e+01 -6.35536015e-03 7.143e+00
59289.100119165 -1.39750248e+01 -4.48245928e-03 6.497e+00
59289.100119410 -3.39596644e+01 -6.36859983e-03 9.554e+00
59289.100812902 -3.99567101e+01 -6.93459809e-03 7.114e+00
59289.100813270 +8.10073003e+00 -2.39896029e-03 6.192e+00
59289.100813638 -2.44167461e+01 -5.46794385e-03 6.602e+00
59289.100813883 -9.26316739e+00 -4.03775647e-03 8.174e+00
59289.101507374 -4.85448946e+01 -7.74514675e-03 7.873e+00
59289.101507742 -3.27545240e+01 -6.25485927e-03 6.006e+00
59289.101508110 -1.80475246e+01 -4.86681983e-03 8.699e+00
59289.101508356 -2.78070619e+01 -5.78792021e-03 2.994e+01
59289.102201847 -4.16610057e+01 -7.09544867e-03 7.509e+00
59289.102202215 -2.77750901e+01 -5.78490272e-03 5.309e+00
59289.102202582 -1.19033569e+02 -1.43978335e-02 7.566e+00
59289.102202828 -3.02339602e+01 -6.01696968e-03 8.292e+00
59289.102896442 -3.83888277e+01 -6.78662211e-03 8.848e+00
59289.102896810 +6.48216632e+00 -2.55171955e-03 7.907e+00
59289.102897178 -1.98091721e+01 -5.03308326e-03 1.453e+01
59289.102897423 -6.23951280e+01 -9.05232504e-03 9.287e+00
59289.103590915 -3.54745762e+01 -6.51157647e-03 1.000e+01
59289.103591282 -6.95991299e+01 -9.73223522e-03 6.280e+00
59289.103591651 -2.81024658e+01 -5.81580028e-03 1.080e+01
59289.103591896 +7.68505685e+00 -2.43819132e-03 1.205e+01
59289.104285388 +5.91303262e+01 +2.41718814e-03 6.017e+00
59289.104285756 +7.96593524e+00 -2.41168216e-03 5.392e+00
59289.104286123 -1.63307561e+01 -4.70479205e-03 7.210e+00
59289.104286368 -2.33999237e+01 -5.37197664e-03 1.135e+01
59289.104979860 -3.02299736e+01 -6.01659343e-03 6.531e+00
59289.104980228 -4.13957974e+01 -7.07041845e-03 1.573e+01
59289.104980596 -1.54329004e+01 -4.62005287e-03 1.096e+01
59289.104980841 -4.57914495e+01 -7.48527795e-03 1.312e+01
59289.105674332 -2.71702700e+01 -5.72782010e-03 5.126e+00
59289.105674700 -2.36209634e+01 -5.39283827e-03 6.317e+00
59289.105675068 -2.78592826e+01 -5.79284877e-03 1.001e+01
59289.105675313 -3.17354517e+01 -6.15867972e-03 8.658e+00
59289.106368805 -4.61083653e+01 -7.51518831e-03 1.204e+01
59289.106369173 -2.79373964e+01 -5.80022112e-03 6.462e+00
59289.106369541 -2.44390474e+01 -5.47004864e-03 7.670e+00
59289.106369786 -3.21723210e+01 -6.19991124e-03 1.046e+01
59289.107063278 +1.53301119e+01 -1.71665475e-03 7.078e+00
59289.107063645 -5.32524496e+01 -8.18944350e-03 1.096e+01
59289.107064013 -1.36262556e+01 -4.44954261e-03 1.194e+01
59289.107064259 -2.48722064e+01 -5.51092997e-03 6.915e+00
59289.107757750 -5.25896855e+01 -8.12689215e-03 7.621e+00
59289.107758118 -3.68584825e+01 -6.64218888e-03 8.190e+00
59289.107758486 -2.72895920e+01 -5.73908165e-03 1.152e+01
59289.107758731 -5.21126738e+01 -8.08187202e-03 1.028e+01
59289.108452345 -3.88707339e+01 -6.83210418e-03 6.340e+00
59289.108452713 -2.97393442e+01 -5.97028807e-03 9.238e+00
59289.108453081 -1.68337400e+01 -4.75226343e-03 8.608e+00
59289.108453326 -3.01806738e+01 -6.01194054e-03 9.614e+00
59289.109146817 -7.08855024e+01 -9.85364243e-03 1.253e+01
59289.109147186 -2.97888019e+01 -5.97495586e-03 1.439e+01
59289.109147553 -9.46327520e+01 -1.20948963e-02 9.904e+00
59289.109147800 +5.62826630e+01 +2.14842707e-03 1.352e+01
59289.109841291 +4.34486598e+01 +9.37160105e-04 1.005e+01
59289.109841658 -4.91990144e+01 -7.80688226e-03 1.939e+01
59289.109842026 -6.64341195e+00 -3.79050523e-03 1.034e+01
59289.109842270 -1.71281370e+02 -1.93289556e-02 1.313e+01
59289.110535763 -3.07505617e+01 -6.06572628e-03 7.993e+00
59289.110536131 -3.46065610e+01 -6.42965361e-03 8.341e+00
59289.110536499 -4.30106903e+01 -7.22283125e-03 1.666e+01
59289.111230236 +4.73634407e-01 -3.11880186e-03 6.647e+00
59289.111230603 -7.91670731e+01 -1.06352530e-02 9.658e+00
59289.111230971 -2.54664087e+01 -5.56701049e-03 6.903e+00
59289.111231215 -1.90725213e+02 -2.11640559e-02 1.591e+01
59289.111924708 -2.30644169e+01 -5.34031168e-03 5.241e+00
59289.111925075 -8.47246444e+01 -1.11597739e-02 8.472e+00
59289.111925444 -3.31731603e+00 -3.47658992e-03 9.195e+00
59289.111925687 -1.78043964e+02 -1.99672058e-02 1.073e+01
59289.112619181 -2.42302832e+01 -5.45034558e-03 9.530e+00
59289.112619549 +4.41820749e+00 -2.74651498e-03 9.534e+00
59289.112619917 +2.41082722e+01 -8.88176262e-04 7.898e+00
59289.112620160 -2.04881428e+02 -2.25001127e-02 1.597e+01
59289.113313776 -1.84995115e+01 -4.90947813e-03 1.055e+01
59289.113314144 -2.79528692e+01 -5.80168143e-03 5.560e+00
59289.113314512 -2.76693068e+01 -5.77491894e-03 6.567e+00
59289.113314757 +2.57936609e+01 -7.29110092e-04 1.160e+01
59289.114008249 +6.60824216e+01 +3.07332352e-03 8.721e+00
59289.114008616 -3.51024795e+01 -6.47645816e-03 9.141e+00
59289.114008985 +1.44076656e+01 -1.80371478e-03 1.393e+01
59289.114009228 -1.23403762e+02 -1.48102902e-02 1.046e+01
59289.114702721 +1.24273467e+01 -1.99061632e-03 7.532e+00
59289.114703088 -8.02496548e+01 -1.07374266e-02 6.589e+00
59289.114703456 -7.58415297e+01 -1.03213899e-02 1.802e+01
59289.114703702 -3.34259323e+01 -6.31822646e-03 1.521e+01
59289.115397193 -3.48564938e+01 -6.45324215e-03 5.075e+00
59289.115397561 -3.38275142e+01 -6.35612756e-03 6.608e+00
59289.115397929 -3.92031619e+01 -6.86347857e-03 8.247e+00
59289.116091667 +3.46443301e+01 +1.06211752e-04 8.159e+00
59289.116092034 -1.49815451e+01 -4.57745418e-03 7.360e+00
59289.116092402 -2.96631250e+01 -5.96309453e-03 1.564e+01
59289.116092647 -2.37329832e+01 -5.40341064e-03 8.671e+00
59289.116786138 -8.68338769e+01 -1.13588423e-02 1.492e+01
59289.116786506 -2.66182232e+01 -5.67571819e-03 9.016e+00
59289.116786875 +1.91919530e+01 -1.35217607e-03 7.486e+00
59289.116787119 -5.25352545e+01 -8.12175497e-03 1.697e+01
59289.117480611 -3.56261069e+01 -6.52587786e-03 6.806e+00
59289.117480979 -3.15618566e+01 -6.14229590e-03 6.725e+00
59289.117481348 +3.80267911e+01 +4.25446779e-04 1.605e+01
59289.117481592 -2.32171317e+01 -5.35472482e-03 1.298e+01
59289.118175206 -5.23745664e+01 -8.10658932e-03 6.619e+00
59289.118175574 -2.69514801e+01 -5.70717081e-03 7.359e+00
59289.118175942 -6.45693699e+01 -9.25752893e-03 1.012e+01
59289.118176187 -7.15580948e+01 -9.91712138e-03 1.218e+01
59289.118869679 -3.74238312e+01 -6.69554621e-03 8.193e+00
59289.118870047 -3.60227154e+01 -6.56330958e-03 7.498e+00
59289.118870415 +2.31987330e+01 -9.74018127e-04 1.212e+01
59289.118870660 -4.09386398e+01 -7.02727214e-03 1.238e+01
59289.119564151 -7.48614157e+01 -1.02288872e-02 1.043e+01
59289.119564519 -7.13355946e+01 -9.89612192e-03 8.531e+00
59289.119564886 -1.03469488e+02 -1.29289031e-02 9.127e+00
59289.119565132 -6.94438494e+01 -9.71757993e-03 1.037e+01
59289.120258625 +2.11952048e+01 -1.16311014e-03 6.241e+00
59289.120258991 -6.35459953e+01 -9.16094333e-03 9.524e+00
59289.120259360 -1.65077853e+01 -4.72149998e-03 9.684e+00
59289.120259605 -1.53146442e+01 -4.60889190e-03 9.488e+00
59289.120953096 -2.91324322e+01 -5.91300800e-03 6.573e+00
59289.120953464 -2.44487179e+01 -5.47096133e-03 1.314e+01
59289.120953832 -2.31713843e+01 -5.35040721e-03 6.117e+00
59289.120954077 -8.02377739e+01 -1.07363053e-02 1.012e+01
59289.121647569 -3.39921099e+01 -6.37166202e-03 1.372e+01
59289.121647937 -3.40812363e+01 -6.38007373e-03 7.236e+00
59289.121648304 -9.76904030e+01 -1.23834759e-02 9.008e+00
59289.121648551 +7.20385750e+01 +3.63546237e-03 1.266e+01
59289.122342042 -3.68856783e+01 -6.64475560e-03 1.512e+01
59289.122342409 -4.51989840e+01 -7.42936134e-03 6.966e+00
59289.122342777 -6.31309536e+01 -9.12177190e-03 2.141e+01
59289.122343023 +2.17365944e+01 -1.11201406e-03 1.493e+01
59289.123036637 -4.22127367e+01 -7.14752078e-03 2.138e+01
59289.123037005 -3.08115450e+01 -6.07148185e-03 7.195e+00
59289.123037372 -6.19399440e+01 -9.00936499e-03 9.337e+00
59289.123037619 +6.39579137e+01 +2.87281349e-03 1.628e+01
59289.123731109 -3.19825821e+01 -6.18200377e-03 9.394e+00
59289.123731477 -3.56655388e+01 -6.52959943e-03 1.063e+01
59289.123731845 -2.92354130e+01 -5.92272729e-03 1.039e+01
59289.123732090 -2.66692992e+01 -5.68053871e-03 8.080e+00
59289.124425582 -2.86067917e+01 -5.86339831e-03 8.419e+00
59289.124425950 -1.76137341e+01 -4.82587889e-03 8.656e+00
59289.124426317 -8.61800334e+01 -1.12971328e-02 6.902e+00
59289.124426563 -4.42673409e+01 -7.34143332e-03 2.392e+01
59289.125120054 -3.99333431e+01 -6.93239272e-03 4.816e+00
59289.125120423 +3.20568594e+00 -2.86095217e-03 1.046e+01
59289.125120792 +9.65673581e+01 +5.95047697e-03 2.038e+01
59289.125121036 -1.80174869e+01 -4.86398488e-03 7.714e+00
59294.091585777 -2.12058277e+01 -5.16489893e-03 9.236e+00
59294.091586146 +5.59784175e+01 +2.11971253e-03 1.142e+01
59294.091586512 -2.73744160e+01 -5.74708730e-03 1.087e+01
59294.091586757 -7.42210319e+01 -1.01684481e-02 1.275e+01
59294.092124137 -9.37968692e+00 -4.04875353e-03 7.087e+00
59294.092124505 -3.63641824e+01 -6.59553707e-03 7.890e+00
59294.092124873 -2.91336558e+01 -5.91312349e-03 1.044e+01
59294.092125117 -9.93652529e+01 -1.25415474e-02 1.299e+01
59294.092818610 -2.76132179e+01 -5.76962531e-03 5.690e+00
59294.092818977 -6.71057223e+01 -9.49690863e-03 1.287e+01
59294.092819345 -2.31736737e+01 -5.35062328e-03 1.306e+01
59294.092819591 -2.22569507e+01 -5.26410341e-03 5.997e+00
59294.093513082 -1.72504394e+01 -4.79159132e-03 7.310e+00
59294.093513451 +1.98943069e+01 -1.28588825e-03 9.753e+00
59294.093513819 +6.08278327e+01 +2.57739797e-03 7.231e+00
59294.093514063 -3.71208094e+01 -6.66694716e-03 6.118e+00
59294.094207555 -2.11132278e+01 -5.15615940e-03 7.483e+00
59294.094207923 -1.72190202e+01 -4.78862599e-03 1.436e+01
59294.094208290 -3.63573933e+01 -6.59489632e-03 1.093e+01
59294.094208536 -3.63430257e+01 -6.59354031e-03 9.605e+00
59294.094902027 -3.82605852e+01 -6.77451864e-03 6.861e+00
59294.094902395 -3.13870773e+01 -6.12580031e-03 9.737e+00
59294.094902763 -3.20365789e+01 -6.18709996e-03 1.088e+01
59294.094903008 -6.51153804e+00 -3.77805904e-03 7.060e+00
59294.095596622 -2.96738612e+01 -5.96410781e-03 5.586e+00
59294.095596990 -8.66939931e+00 -3.98171693e-03 1.670e+01
59294.095597359 +1.84493383e+01 -1.42226368e-03 7.359e+00
59294.095597604 -1.92359686e+01 -4.97898459e-03 1.075e+01
59294.096291095 -1.56215342e+01 -4.63785604e-03 4.945e+00
59294.096291462 -7.14136295e+01 -9.90348682e-03 1.228e+01
59294.096291831 -2.38193466e+01 -5.41156158e-03 1.298e+01
59294.096292076 -5.08931658e+01 -7.96677545e-03 7.217e+00
59294.096985567 -3.82544276e+01 -6.77393749e-03 5.084e+00
59294.096985935 -6.91363673e+01 -9.68855992e-03 7.678e+00
59294.096986303 -7.86924691e+01 -1.05904602e-02 7.278e+00
59294.096986548 -4.98802116e+01 -7.87117332e-03 1.037e+01
59294.097680040 -3.44251110e+01 -6.41252846e-03 5.575e+00
59294.097680408 -2.67708591e+01 -5.69012389e-03 7.044e+00
59294.097680775 -1.09715124e+02 -1.35183632e-02 1.119e+01
59294.097681021 -3.24968153e+01 -6.23053685e-03 7.030e+00
59294.098374513 +2.54489545e+00 -2.92331725e-03 5.732e+00
59294.098374881 +1.94470960e+01 -1.32809579e-03 6.930e+00
59294.098375248 -6.99988961e+01 -9.76996496e-03 1.161e+01
59294.098375494 -3.02227898e+01 -6.01591542e-03 9.684e+00
59294.099068985 -3.03090347e+01 -6.02405518e-03 7.011e+00
59294.099069353 -3.89825591e+00 -3.53141874e-03 1.141e+01
59294.099069721 -1.43028346e+01 -4.51339781e-03 8.570e+00
59294.099069966 -2.99312146e+01 -5.98839670e-03 6.759e+00
59294.099763580 -4.46866059e+01 -7.38100335e-03 5.095e+00
59294.099763948 -3.02046724e+01 -6.01420552e-03 7.089e+00
59294.099764316 -2.61466585e+01 -5.63121215e-03 8.241e+00
59294.099764562 -1.79095721e+01 -4.85379994e-03 7.752e+00
59294.100458053 -2.03669423e+01 -5.08572534e-03 1.180e+01
59294.100458421 -3.39760450e+01 -6.37014583e-03 7.217e+00
59294.100458789 +1.67675809e+01 -1.58098713e-03 6.408e+00
59294.100459034 -5.39029380e+01 -8.25083628e-03 8.057e+00
58780.979819238 -7.33405268e+00 -3.85568757e-03 4.201e+00
58780.979818992 +2.57392666e+00 -2.92057730e-03 2.848e+00
58780.979818747 +1.30962485e+01 -1.92748569e-03 3.697e+00
58780.979818379 +1.67914315e+01 -1.57873612e-03 3.516e+00
58780.980421123 +1.16450862e+02 +7.82707240e-03 2.670e+01
58780.980420877 +3.12573665e+00 -2.86849774e-03 2.528e+00
58780.980420632 +5.33506860e+00 -2.65998207e-03 2.975e+00
58780.980420264 +1.19059494e+01 -2.03982554e-03 2.931e+00
58780.981029629 -2.72335060e+00 -3.42053175e-03 6.111e+00
58780.981029383 -4.87472841e+01 -7.76424818e-03 2.727e+00
58780.981029138 +8.84031528e+00 -2.32915860e-03 2.675e+00
58780.981028770 +1.64697594e+01 -1.60909537e-03 3.117e+00
58782.970069420 +1.93470768e+02 +1.50961736e-02 9.478e+00
58782.970069170 -1.64343455e+02 -1.86741585e-02 1.033e+01
58782.970068927 +8.01035042e+00 -2.40749028e-03 3.900e+00
58782.970515068 +5.15868310e+01 +1.70523673e-03 4.260e+00
58782.970514822 -2.53002961e+00 -3.40228621e-03 4.079e+00
58782.970514577 +6.52734133e+00 -2.54745595e-03 3.537e+00
58782.971209418 +5.08469102e+01 +1.63540337e-03 4.615e+00
58782.971209172 -2.90057993e-01 -3.19087878e-03 4.454e+00
58782.971208927 +8.30230053e+00 -2.37993617e-03 5.262e+00
58784.964820731 -4.89602421e+01 -7.78434705e-03 1.493e+01
58784.964820486 +4.73304114e+00 -2.71680113e-03 1.307e+01
58784.964820241 -1.99306086e+00 -3.35160736e-03 3.547e+00
58784.964819875 +2.15606322e+02 +1.71853164e-02 1.267e+01
58784.965468848 -5.42668938e+01 -8.28518625e-03 6.968e+00
58784.965468603 -8.00641815e+00 -3.91914509e-03 6.101e+00
58784.965468359 +5.73359471e+01 +2.24783551e-03 6.030e+00
58784.965467988 -1.59458348e+02 -1.82131045e-02 8.734e+00
58784.966163199 +2.70344637e+01 -6.12003729e-04 9.014e+00
58784.966162954 +5.73087315e+01 +2.24526692e-03 4.943e+00
58784.966162708 +2.36570353e+01 -9.30763781e-04 7.342e+00
58784.966162339 -1.10716573e+02 -1.36128794e-02 9.550e+00
58784.966857548 -5.04961034e+01 -7.92930089e-03 9.696e+00
58784.966857305 +1.36577510e+02 +9.72661562e-03 6.738e+00
58784.966857057 -3.77229059e+01 -6.72377273e-03 6.266e+00
58784.966856691 +9.12046866e+01 +5.44435065e-03 9.150e+00
58784.967552022 +8.83117300e+01 +5.17131481e-03 5.641e+00
58784.967551775 -7.23979867e+01 -9.99638997e-03 7.442e+00
58784.967551531 +2.29126345e+01 -1.00101996e-03 3.887e+00
58784.967551163 +5.31784061e+01 +1.85544882e-03 1.014e+01
58784.968246370 -9.63848178e+01 -1.22602554e-02 6.164e+00
58784.968246126 +8.32530248e+00 -2.37776525e-03 5.055e+00
58784.968245759 +1.17162423e+02 +7.89422914e-03 6.732e+00
58784.968245514 +1.24980175e+02 +8.63206480e-03 9.952e+00
58784.968871431 -1.37530532e+02 -1.61435679e-02 6.610e+00
58784.968871187 -3.72449272e+01 -6.67866133e-03 4.866e+00
58784.968870942 -4.17182293e+01 -7.10084941e-03 1.196e+01
58794.936287735 -6.94702064e+01 -9.72006749e-03 1.888e+01
58794.936287491 +2.86107634e+01 -4.63233329e-04 7.693e+00
58794.936287246 +9.05419521e+01 +5.38180210e-03 7.815e+00
58794.936762203 -8.53206919e+01 -1.12160286e-02 7.059e+00
58794.936761960 +8.56144132e+01 +4.91674338e-03 5.918e+00
58794.936761714 +3.76260579e+01 +3.87625769e-04 6.714e+00
58794.937456554 -2.29851583e+01 -5.33283129e-03 6.408e+00
58794.937456309 -9.24176403e+00 -4.03573643e-03 5.191e+00
58794.937456066 +1.70324618e+02 +1.29116513e-02 4.950e+00
58794.937455696 +5.46874860e+01 +1.99787505e-03 1.310e+01
58794.938150659 -1.28639475e+00 -3.28491256e-03 6.609e+00
58794.938150413 -7.29078584e+01 -1.00445114e-02 5.677e+00
58794.938718696 -6.94607432e+01 -9.71917436e-03 4.431e+00
58794.938718451 -1.67856272e+00 -3.32192518e-03 8.871e+00
58794.938718206 +1.72148213e+01 -1.53877679e-03 6.038e+00
58794.938717838 +3.29868476e+01 -5.02206385e-05 8.702e+00
58809.888951545 -3.59617152e+00 -3.50290816e-03 1.313e+01
58809.888951300 -2.70687409e-01 -3.18905059e-03 6.796e+00
58809.888951055 +1.11163440e+01 -2.11434811e-03 5.885e+00
58809.888950684 -1.85299091e+02 -2.06519412e-02 1.109e+01
58809.889570721 +4.61960559e+01 +1.19645800e-03 7.984e+00
58809.889570475 -1.28937484e+00 -3.28519382e-03 7.021e+00
58809.889570230 +1.50948427e+01 -1.73885934e-03 5.268e+00
58809.889569862 +1.61367196e+01 -1.64052751e-03 1.211e+01
58809.890265071 +4.61018179e+01 +1.18756387e-03 6.453e+00
58809.890264827 +1.39173375e+02 +9.97161213e-03 8.428e+00
58809.890264580 +1.02703143e+01 -2.19419599e-03 3.769e+00
58809.890264215 +2.12473981e+02 +1.68896876e-02 1.100e+01
58809.890959543 -1.66382015e+00 -3.32053378e-03 5.656e+00
58809.890959298 -5.22761276e+00 -3.65688279e-03 6.562e+00
58809.890959053 +1.61421864e+01 -1.64001156e-03 5.077e+00
58809.890958684 -6.23922368e+01 -9.05205216e-03 9.541e+00
58809.891653893 -4.24759742e+00 -3.56438942e-03 9.352e+00
58809.891653648 +1.95932755e+00 -2.97858287e-03 4.284e+00
58809.891653403 +1.53928221e+01 -1.71073619e-03 5.498e+00
58809.891653033 -1.20689196e+02 -1.45540908e-02 6.091e+00
58809.892347998 +4.88020259e+01 +1.44240819e-03 5.648e+00
58809.892347752 -6.76701829e+01 -9.55018215e-03 7.276e+00
58809.892347382 -1.90284574e+02 -2.11224686e-02 7.479e+00
58809.893002370 +3.80878830e+01 +4.31212597e-04 8.394e+00
58809.893002124 +3.86146357e+00 -2.79906020e-03 4.374e+00
58809.893001879 +1.17297096e+01 -2.05645896e-03 5.521e+00
58809.893001509 -1.13942204e+02 -1.39173130e-02 7.047e+00
58835.821644628 +3.24237460e+00 -2.85748951e-03 4.874e+00
58835.821644382 -9.55403965e+01 -1.21805593e-02 5.968e+00
58835.821644015 +1.09985022e+01 -2.12546997e-03 3.978e+00
58835.822281095 -1.05287582e+01 -4.15720232e-03 5.434e+00
58835.822280850 +4.95239351e+00 -2.69609876e-03 2.831e+00
58835.822280482 +7.38811360e+00 -2.46621668e-03 4.419e+00
58835.822280238 +8.76081821e+01 +5.10491431e-03 1.090e+01
58835.822975568 -1.15873019e+01 -4.25710715e-03 6.684e+00
58835.822975323 +8.01779784e-01 -3.08783166e-03 3.569e+00
58835.822975076 -8.06615979e+01 -1.07763056e-02 4.782e+00
58835.822974711 +1.52035472e+02 +1.11855306e-02 4.921e+00
58835.823669918 -4.57065099e+00 -3.59487906e-03 7.799e+00
58835.823669673 +7.59182543e+00 -2.44699046e-03 3.894e+00
58835.823669425 -2.14504592e+02 -2.34083422e-02 6.938e+00
58835.823669060 +3.65830067e+01 +2.89183110e-04 8.206e+00
58835.824364391 +8.82150744e+01 +5.16219251e-03 5.488e+00
58835.824364145 +1.09902776e-02 -3.16246599e-03 3.792e+00
58835.824363779 +1.42293105e+02 +1.02660507e-02 1.288e+01
58938.485994082 -1.23490010e+01 -4.32899594e-03 6.537e+00
58938.485993716 +1.92386499e+02 +1.49938408e-02 8.519e+00
58938.486601976 +5.92157028e+01 +2.42524594e-03 5.610e+00
58938.486601732 +1.96337605e+02 +1.53667443e-02 7.088e+00
58938.487296818 +2.26631539e+02 +1.82258710e-02 8.611e+00
58938.487296569 -1.50280915e+02 -1.73469428e-02 1.330e+01
58938.487296325 +1.29492966e+01 -1.94135495e-03 6.026e+00
58938.487991288 -6.53781585e-04 -3.16356495e-03 1.378e+01
58938.487991044 +6.94057545e+01 +3.38697806e-03 8.156e+00
58938.487990799 +1.23084887e+02 +8.45318846e-03 7.291e+00
58938.487990428 -1.64458682e+02 -1.86850335e-02 9.883e+00
58938.488685762 +1.37311816e+02 +9.79591906e-03 1.198e+01
58938.488685514 -1.56927324e+02 -1.79742277e-02 9.165e+00
58938.488685271 +1.14540792e+02 +7.64680095e-03 1.012e+01
58938.488684904 +1.66248369e+02 +1.25269368e-02 1.073e+01
58938.489379989 +4.45621674e+01 +1.04225241e-03 8.760e+00
58938.490074706 -6.14776974e+00 -3.74372676e-03 9.990e+00
58938.490074463 +2.10954096e+02 +1.67462416e-02 9.647e+00
58938.490074215 -3.92347813e+00 -3.53379920e-03 5.111e+00
58938.490073849 +1.58176154e+02 +1.17650852e-02 7.740e+00
58938.490769055 -5.00601222e+01 -7.88815320e-03 9.799e+00
58938.490768810 -1.93571880e+00 -3.34619544e-03 1.127e+01
58938.490768441 -1.56370679e+02 -1.79216918e-02 1.231e+01
58938.491463773 -3.60529505e+01 -6.56616315e-03 8.857e+00
58938.491463526 -1.76396428e+02 -1.98117122e-02 1.056e+01
58938.491463283 -5.81210506e+00 -3.71204689e-03 5.732e+00
58938.491462914 -1.07011828e+02 -1.32632274e-02 2.528e+01
58938.492158247 +7.41714509e+01 +3.83676216e-03 8.356e+00
58938.492158001 -5.54504166e+00 -3.68684158e-03 4.991e+00
58938.492157756 -2.37288415e+00 -3.38745490e-03 5.218e+00
58938.492157389 +1.37143924e+02 +9.78007354e-03 8.621e+00
58938.492852474 +2.49843988e+01 -8.05487856e-04 6.710e+00
58938.492852227 -1.26025274e+02 -1.50577072e-02 1.093e+01
58938.492851859 -1.48514728e+02 -1.71802510e-02 9.888e+00
58938.493547313 -1.05966763e+02 -1.31645948e-02 1.445e+01
58938.493546824 +2.81664044e+01 -5.05171716e-04 8.215e+00
58938.493546456 +8.55759780e+01 +4.91311587e-03 1.598e+01
58938.494241787 +5.22244715e+01 +1.76541694e-03 1.380e+01
58938.494241542 +4.22882208e+01 +8.27638432e-04 1.880e+01
58938.494241296 -7.65960281e+00 -3.88641283e-03 6.340e+00
58938.494240927 -9.75131370e+01 -1.23667456e-02 1.691e+01
58938.494936258 -1.13923741e+02 -1.39155705e-02 9.738e+00
58938.494936014 +4.44042818e+01 +1.02735125e-03 8.824e+00
58938.494935768 -6.13286901e+01 -8.95167515e-03 6.012e+00
58938.494935398 -1.89027232e+02 -2.10038014e-02 1.532e+01
58938.495630239 -1.46790322e+02 -1.70175023e-02 7.902e+00
58938.495629874 +1.05789571e+02 +6.82086498e-03 2.231e+01
58938.496324962 +2.49594709e+02 +2.03931239e-02 6.769e+00
58938.496324714 +6.45857258e+01 +2.93206610e-03 8.727e+00
58938.497019554 +2.24990632e+01 -1.04005262e-03 7.761e+00
58938.497019308 -3.04530066e+01 -6.03764318e-03 6.830e+00
58938.497714271 -6.74237038e+01 -9.52691957e-03 1.587e+01
58938.497713781 -7.82704044e+00 -3.90221551e-03 8.549e+00
58938.498265141 +5.40010392e+01 +1.93308853e-03 9.897e+00
58945.471248478 +1.26055129e+02 +8.73351842e-03 4.074e+00
58945.471248231 +4.66443000e+00 -2.72327662e-03 3.456e+00
58945.471247987 +1.00463263e+02 +6.31817058e-03 6.721e+00
58945.471896718 +1.32365755e+02 +9.32911225e-03 6.248e+00
58945.471896472 +1.13159945e+02 +7.51647726e-03 6.353e+00
58945.471896104 +6.81672805e+01 +3.27009149e-03 5.779e+00
58945.472591190 +1.42162692e+02 +1.02537423e-02 7.556e+00
58945.472590943 -3.36235261e+01 -6.33687526e-03 3.600e+00
58945.472590576 +6.02759832e+01 +2.52531469e-03 7.481e+00
58945.472590328 -1.51674373e+02 -1.74784567e-02 1.406e+01
58945.473285662 +7.45443963e+01 +3.87196057e-03 5.660e+00
58945.473285416 -7.39893377e+00 -3.86181101e-03 3.999e+00
58945.473285170 -1.77285761e+01 -4.83671762e-03 4.406e+00
58945.473284803 -7.66374731e+00 -3.88680398e-03 1.310e+01
58945.473980135 +9.97987227e+01 +6.25545159e-03 7.421e+00
58945.473979889 +1.87165399e+01 -1.39704533e-03 3.745e+00
58945.473979643 -4.34205415e+01 -7.26151280e-03 5.450e+00
58945.474674730 +8.35658186e+01 +4.72339801e-03 4.098e+00
58945.474674484 +4.68797468e+00 -2.72105448e-03 3.827e+00
58945.474674237 -9.41266893e+01 -1.20471343e-02 6.058e+00
58945.474673872 +9.20412333e+01 +5.52330352e-03 8.252e+00
58945.475369203 +1.67063098e+02 +1.26038305e-02 4.944e+00
58945.475368956 +3.55668525e+00 -2.82782502e-03 6.364e+00
58945.475368710 -7.47861241e+01 -1.02217812e-02 4.635e+00
58945.475368344 +5.14032693e+01 +1.68791227e-03 1.212e+01
58945.476063674 +1.07193408e+01 -2.15181708e-03 1.043e+01
58945.476063428 -4.34436322e+01 -7.26369210e-03 5.080e+00
58945.476063184 +2.38119802e+01 -9.16140154e-04 4.650e+00
58945.476062814 -1.29579870e+02 -1.53931882e-02 8.594e+00
58945.476758148 +1.05886513e+02 +6.83001429e-03 5.714e+00
58945.476757901 -4.70411926e+01 -7.60322809e-03 4.276e+00
58945.476757657 +1.18674552e+02 +8.03694315e-03 5.207e+00
58945.476757289 +9.99013483e+01 +6.26513734e-03 9.309e+00
58945.477452742 +1.03335080e+01 -2.18823180e-03 7.735e+00
58945.477452497 +5.34270462e+01 +1.87891535e-03 3.471e+00
58945.477452129 +7.12529337e+00 -2.49102153e-03 8.793e+00
58945.477451883 +8.20572392e+00 -2.38905102e-03 5.971e+00
58945.478147214 +8.34053844e+00 -2.37632729e-03 7.601e+00
58945.478146969 +2.48875755e+01 -8.14625993e-04 5.232e+00
58945.478146726 +1.53109331e+02 +1.12868808e-02 2.059e+01
58945.478146356 +4.78300233e+01 +1.35067105e-03 7.301e+00
58945.478841688 +1.21284696e+02 +8.28328729e-03 5.195e+00
58945.478841441 -1.45895351e+01 -4.54045646e-03 4.617e+00
58945.478841197 +8.27965016e+01 +4.65079024e-03 3.948e+00
58945.478840828 +1.72175914e+00 -3.00100446e-03 1.000e+01
58945.479536160 +6.62360048e+01 +3.08781862e-03 8.093e+00
58945.479535915 +5.11279761e+01 +1.66193023e-03 3.199e+00
58945.479535547 +3.83227476e+01 +4.53379005e-04 6.052e+00
58945.479535300 -9.27083442e+01 -1.19132716e-02 1.746e+01
58945.480230756 +9.96670856e+01 +6.24302775e-03 7.429e+00
58945.480230509 -2.23958928e+00 -3.37487459e-03 6.154e+00
58945.480230143 +1.28621302e+02 +8.97571258e-03 3.718e+00
58945.480229896 -3.22232814e+00 -3.46762501e-03 8.123e+00
58945.480925227 +7.72744912e+00 -2.43419036e-03 5.728e+00
58945.480924982 +1.67166628e+01 -1.58579275e-03 5.020e+00
58945.480924615 +8.72219546e+01 +5.06846234e-03 4.652e+00
58945.480924371 +1.55781149e+02 +1.15390457e-02 1.571e+01
58945.481619701 +1.51502727e+02 +1.11352503e-02 5.028e+00
58945.481619454 -1.39893529e+01 -4.48381156e-03 3.783e+00
58945.481619209 +3.35445360e+00 -2.84691155e-03 1.274e+01
58945.481618843 +1.57805005e+02 +1.17300563e-02 8.496e+00
58945.482314173 +5.69528082e+01 +2.21167505e-03 1.188e+01
58945.482313928 +7.63690204e+01 +4.04416770e-03 7.830e+00
58945.482313682 +9.05435874e+00 -2.30895728e-03 5.407e+00
58945.482313313 -5.15677516e+01 -8.03044252e-03 7.317e+00
58945.483008768 +6.27772061e+01 +2.76137888e-03 1.109e+01
58945.483008523 +3.56054189e+01 +1.96918845e-04 5.619e+00
58945.483008275 -1.58070100e+02 -1.80820823e-02 4.571e+00
58945.483007909 +2.71502333e+01 -6.01077452e-04 7.167e+00
58952.448887339 -1.46174154e+02 -1.69593487e-02 8.533e+00
58952.448887098 +1.72685205e+02 +1.31344423e-02 4.786e+00
58952.448886729 +6.54042242e+01 +3.00931558e-03 9.734e+00
58952.449581814 +2.52458375e+01 -7.80813396e-04 1.011e+01
58952.449581568 -2.49879562e+01 -5.52185439e-03 5.670e+00
58952.449581323 +1.56125495e+01 -1.68999843e-03 1.137e+01
58952.449580954 -5.59298332e+01 -8.44213367e-03 1.114e+01
58952.450276286 +3.09843852e+01 -2.39212066e-04 1.289e+01
58952.450276041 +1.06421348e+01 -2.15910375e-03 5.291e+00
58952.450970514 +9.19436008e+01 +5.51408902e-03 9.381e+00
58952.450970268 -2.48785810e+01 -5.51153161e-03 1.290e+01
58952.451665352 -1.57506626e+02 -1.80289019e-02 6.808e+00
58952.451665110 +8.72010939e+01 +5.06649353e-03 8.036e+00
58952.451664863 -5.97040873e+01 -8.79834592e-03 6.367e+00
58952.451664495 +7.98555252e+00 -2.40983069e-03 7.731e+00
58952.452359826 -1.56597030e+01 -4.64145839e-03 1.043e+01
58952.452359580 -6.41804386e+01 -9.22082178e-03 8.975e+00
58952.452359336 +8.63929737e+00 -2.34813057e-03 6.844e+00
58952.453054301 +1.76313809e+02 +1.34769082e-02 7.870e+00
58952.453054053 -6.29660027e+01 -9.10620391e-03 6.111e+00
58952.453053807 -1.18539940e+02 -1.43512450e-02 4.971e+00
58952.453748895 +4.95883946e+01 +1.51662529e-03 5.022e+00
58952.453748649 +2.49483614e+01 -8.08889046e-04 7.436e+00
58952.453748404 +5.12887233e+01 +1.67710148e-03 6.615e+00
58952.453748035 -1.64011928e+01 -4.71143983e-03 9.475e+00
58952.454443368 +1.01056399e+02 +6.37415051e-03 5.790e+00
58952.454443123 +1.72490591e+02 +1.31160747e-02 7.954e+00
58952.454442874 -1.46368294e+02 -1.69776715e-02 6.855e+00
58952.455137839 -4.36397458e+01 -7.28220120e-03 8.117e+00
58952.455137595 +5.83670877e+01 +2.34515406e-03 8.280e+00
58952.455137350 +1.13436699e+02 +7.54259713e-03 6.070e+00
58952.455832312 +4.45001184e+01 +1.03639625e-03 6.830e+00
58952.455832066 -5.58313154e+00 -3.69043648e-03 6.155e+00
58952.455831821 -4.22437021e+01 -7.15044327e-03 5.904e+00
58952.456526662 +1.38519677e+01 -1.85616128e-03 4.785e+00
58952.456526417 +6.13117716e+01 +2.62307189e-03 6.028e+00
58952.457221380 +1.69752202e+01 -1.56139024e-03 8.073e+00
58952.457221136 +1.72803283e+02 +1.31455865e-02 2.019e+01
58952.457220889 -2.28868548e+01 -5.32355346e-03 7.023e+00
58952.457788681 -3.27112239e+01 -6.25077263e-03 1.257e+01
58952.457788436 +1.42960603e+01 -1.81424804e-03 9.952e+00
58952.457788191 -1.43349643e+01 -4.51643020e-03 8.911e+00
58952.457787824 +1.39339816e+02 +9.98732075e-03 7.769e+00
58997.324417670 +1.17963317e+02 +7.96981715e-03 4.292e+00
58997.324417422 -7.56506659e+01 -1.03033762e-02 7.008e+00
58997.324417056 +7.26108312e+01 +3.68947163e-03 1.359e+01
58997.325112263 -8.69314135e+00 -3.98395769e-03 5.009e+00
58997.325112018 -4.13131641e+01 -7.06261955e-03 4.375e+00
58997.325111773 -8.04373835e+00 -3.92266735e-03 5.499e+00
58997.325806736 -1.57047032e+00 -3.31172347e-03 9.463e+00
58997.325806491 +2.04081849e+01 -1.23738870e-03 4.309e+00
58997.325806121 -1.69541274e+02 -1.91647261e-02 7.558e+00
58997.325805876 -1.13945885e+02 -1.39176603e-02 8.225e+00
58997.326501209 +1.42307549e+01 -1.82041153e-03 4.785e+00
58997.326500963 -2.95831954e+01 -5.95555082e-03 5.436e+00
58997.326500595 -2.06240222e+00 -3.35815176e-03 9.800e+00
58997.327195682 +1.05312481e+02 +6.77583739e-03 7.014e+00
58997.327195437 +5.33022180e+01 +1.86713412e-03 1.268e+01
58997.327195192 +1.07385439e+02 +6.97148219e-03 1.373e+01
58997.327194825 +2.03601425e+02 +1.60523001e-02 1.130e+01
58997.327890154 +3.13291480e+01 -2.06673518e-04 1.091e+01
58997.327889910 +1.00313785e+02 +6.30406290e-03 4.520e+00
58997.327889540 -1.71725032e+01 -4.78423573e-03 9.420e+00
58997.327889295 -2.47251273e-01 -3.18683870e-03 1.039e+01
58997.328584749 +2.33898534e+01 -9.55980271e-04 3.406e+00
58997.328584504 +5.16387358e+01 +1.71013549e-03 1.656e+01
58997.328584137 +1.18555467e+02 +8.02570395e-03 7.555e+00
58997.329279222 +6.40762884e+01 +2.88398564e-03 4.123e+00
58997.329278975 -6.79118465e+01 -9.57299024e-03 4.543e+00
58997.329278608 +7.89656428e+00 -2.41822936e-03 6.626e+00
58997.329973695 +1.01494196e+02 +6.41546957e-03 4.340e+00
58997.329973449 +2.92531701e+01 -4.02603298e-04 5.635e+00
58997.329973081 -2.12160310e+01 -5.16586192e-03 5.384e+00
58997.329972834 -1.21722636e+02 -1.46516263e-02 1.329e+01
58997.330668166 -2.86365334e+01 -5.86620532e-03 3.518e+00
58997.330667922 +3.57766063e+01 +2.13075429e-04 5.874e+00
58997.330667677 +7.05488064e+01 +3.49485874e-03 7.222e+00
58997.330667309 +1.04693155e+02 +6.71738572e-03 1.060e+01
58997.331362763 +8.44585430e+01 +4.80765291e-03 4.777e+00
58997.331362516 -1.71421891e+01 -4.78137471e-03 4.801e+00
58997.331362150 +8.70240056e+01 +5.04978001e-03 4.221e+00
58997.331361902 -1.34183102e+02 -1.58276390e-02 7.431e+00
58997.332057234 -5.08453660e+01 -7.96226412e-03 1.175e+01
58997.332056989 -1.00150184e+01 -4.10871580e-03 4.313e+00
58997.332056620 -1.08609550e+02 -1.34140197e-02 6.209e+00
58997.332751707 -1.30836058e+00 -3.28698568e-03 5.202e+00
58997.332751462 -1.22723673e+01 -4.32176329e-03 4.797e+00
58997.332751093 -2.37298452e+01 -5.40311448e-03 5.560e+00
58997.333446179 +3.49990287e-01 -3.13047133e-03 3.940e+00
58997.333445935 +6.18003682e+01 +2.66918540e-03 5.055e+00
58997.333445689 -8.78657012e+00 -3.99277546e-03 9.103e+00
58997.333445323 +1.70441000e+02 +1.29226353e-02 1.042e+01
58997.334140775 -6.53471054e-01 -3.22517753e-03 4.421e+00
58997.334140530 +4.38330519e+01 +9.73438844e-04 4.266e+00
58997.334140162 +4.38974692e+01 +9.79518518e-04 5.486e+00
58997.334835248 +7.33088826e+01 +3.75535339e-03 5.335e+00
58997.334835003 +6.58840384e+01 +3.05460021e-03 5.343e+00
58997.334834634 +1.32176230e+01 -1.91603042e-03 4.258e+00
58997.334834390 +8.98138432e+01 +5.31308353e-03 1.051e+01
58997.335529720 -1.47134160e+01 -4.55214828e-03 1.008e+01
58997.335529475 +2.09795332e+01 -1.18346512e-03 3.776e+00
58997.335529229 -6.39884103e+01 -9.20269825e-03 8.886e+00
58997.335528861 -3.27532412e+01 -6.25473820e-03 1.005e+01
58997.336224193 +9.90103409e+01 +6.18104450e-03 4.643e+00
58997.336223947 -3.53408077e+01 -6.49895146e-03 4.218e+00
58997.336223333 -1.00149411e+02 -1.26155559e-02 7.305e+00
59055.222041381 -2.02929844e+02 -2.23159231e-02 1.644e+01
59055.222041138 +1.28547231e+01 -1.95028074e-03 7.256e+00
59055.222040895 +1.81318683e+02 +1.39492657e-02 7.451e+00
59055.222040525 +5.23199725e+01 +1.77443027e-03 1.018e+01
59055.222487031 -1.51439676e+02 -1.74563061e-02 8.947e+00
59055.222486787 -6.72602923e+01 -9.51149687e-03 8.859e+00
59055.222486543 +6.65661040e+01 +3.11897323e-03 8.990e+00
59055.222486174 -1.99288296e+01 -5.04437648e-03 1.221e+01
59055.223181508 +2.14358207e+02 +1.70675199e-02 1.714e+01
59055.223181261 +4.56017253e+01 +1.14036538e-03 7.338e+00
59055.223181015 +1.09840557e+01 -2.12683342e-03 1.522e+01
59055.223180645 -1.47720347e+02 -1.71052776e-02 7.136e+00
59055.223875732 -1.93391468e+01 -4.98872250e-03 4.607e+00
59055.223875488 +2.58797283e+01 -7.20987096e-04 4.480e+00
59055.223875119 -1.43034859e+01 -4.51345928e-03 6.546e+00
59055.224570452 +1.41112259e+02 +1.01546030e-02 1.158e+01
59055.224570205 +1.86877060e+01 -1.39976665e-03 4.571e+00
59055.224569959 -1.15139638e+02 -1.40303262e-02 4.968e+00
59055.224569590 -1.78134866e+02 -1.99757852e-02 6.691e+00
59055.225264802 +1.15961743e+02 +7.78090954e-03 6.935e+00
59055.225264555 +1.03315739e+01 -2.18841434e-03 4.896e+00
59055.225264310 +4.81904760e+01 +1.38469040e-03 6.751e+00
59055.225263942 -2.06956205e+01 -5.11674583e-03 6.881e+00
59055.225959028 +1.05355423e+01 -2.16916390e-03 6.402e+00
59055.225958781 -8.11823637e+01 -1.08254552e-02 4.632e+00
59055.225958413 -1.09118277e+02 -1.34620331e-02 6.146e+00
59055.226653745 -1.09899419e+01 -4.20072861e-03 7.167e+00
59055.226653500 -8.53912400e+00 -3.96942161e-03 6.996e+00
59055.226653254 -4.58622217e+01 -7.49195740e-03 4.150e+00
59055.227348220 +1.48222832e+02 +1.08256955e-02 8.713e+00
59055.227347972 -3.26704302e+01 -6.24692254e-03 1.009e+01
59055.227347728 +1.63632755e+01 -1.61914527e-03 5.799e+00
59055.227347358 -1.17786411e+02 -1.42801274e-02 1.224e+01
59055.228042692 +9.76444138e+01 +6.05212897e-03 5.749e+00
59055.228042445 -4.15061200e+01 -7.08083063e-03 5.280e+00
59055.228042200 +1.14236288e+01 -2.08534673e-03 5.744e+00
59055.228041832 -3.06703558e+01 -6.05815649e-03 5.119e+00
59055.228737163 -1.04570979e+01 -4.15043905e-03 8.572e+00
59055.228736917 -9.03737696e+01 -1.16929356e-02 4.922e+00
59055.228736673 -2.16433708e+00 -3.36777233e-03 7.537e+00
59055.228736305 +6.60615610e+01 +3.07135470e-03 1.782e+01
59055.229431512 -7.38726970e+01 -1.01355724e-02 1.277e+01
59055.229431267 -5.84536337e+01 -8.68032873e-03 5.504e+00
59055.229431022 -3.00527498e+00 -3.44713964e-03 5.414e+00
59055.229430654 -2.31524775e+01 -5.34862280e-03 7.151e+00
59055.230125986 +1.18252107e+01 -2.04744563e-03 6.059e+00
59055.230125741 +3.15975140e+01 -1.81345269e-04 8.318e+00
59055.230125494 -1.12931786e+02 -1.38219502e-02 1.139e+01
59055.230125128 +5.72290684e+01 +2.23774835e-03 2.107e+01
59055.230820458 -1.14515400e+01 -4.24429402e-03 7.439e+00
59055.230820213 -4.12845304e+00 -3.55314463e-03 7.022e+00
59055.230819968 +7.60548873e+01 +4.01451997e-03 6.294e+00
59055.230819600 +4.56334011e+01 +1.14335492e-03 7.846e+00
59055.231514933 +1.67484060e+02 +1.26435608e-02 7.977e+00
59055.231514687 +1.22362127e+02 +8.38497467e-03 5.468e+00
59055.231514439 -7.02783338e+01 -9.79633816e-03 4.304e+00
59055.231514072 +7.17903087e-01 -3.09574790e-03 6.054e+00
59055.232209404 +2.48603205e+01 -8.17198306e-04 9.767e+00
59055.232209157 -5.45514134e+01 -8.31203908e-03 6.999e+00
59055.232208913 +4.89328341e+01 +1.45475380e-03 6.076e+00
59055.232208545 +4.98796343e+01 +1.54411234e-03 1.237e+01
59055.232903877 +8.54604058e+01 +4.90220822e-03 7.436e+00
59055.232903631 +1.10913784e+01 -2.11670436e-03 3.153e+01
59055.232903386 +7.54550801e+01 +3.95791046e-03 7.902e+00
59055.232903019 +1.28442043e+02 +8.95879418e-03 1.885e+01
59055.233598228 +1.84051228e+02 +1.42071620e-02 6.387e+00
59055.233597981 +2.01176360e+01 -1.26481056e-03 1.151e+01
59055.233597736 +6.73126263e+01 +3.18942964e-03 5.431e+00
59055.234292697 -7.56982091e+01 -1.03078634e-02 7.310e+00
59055.234292452 -5.37623409e+01 -8.23756680e-03 5.366e+00
59055.234292207 -6.24922079e+01 -9.06148739e-03 6.422e+00
59055.234291839 -3.40863676e+01 -6.38055801e-03 5.364e+00
59055.234987171 -1.16490182e+00 -3.27344611e-03 9.622e+00
59055.234986925 -1.92689864e+01 -4.98210080e-03 5.999e+00
59055.234986681 +1.78729179e+01 -1.47666596e-03 4.959e+00
59055.234986311 -1.24299782e+02 -1.48948561e-02 8.310e+00
59055.235681643 -1.03338595e-01 -3.17325629e-03 1.267e+01
59055.235681399 +3.94725688e+01 +5.61898574e-04 5.566e+00
59055.235681153 +6.43868859e+00 -2.55582295e-03 6.791e+00
59055.235680787 +1.67071564e+02 +1.26046296e-02 9.400e+00
59055.236376115 -1.11368127e+02 -1.36743728e-02 7.715e+00
59055.236375870 -2.56429642e+01 -5.58367372e-03 5.969e+00
59055.236375625 -4.36932690e+01 -7.28725269e-03 1.217e+01
59055.236375258 +5.00232481e+00 -2.69138627e-03 8.211e+00
59055.237070344 +5.00138962e+01 +1.55678391e-03 1.007e+01
59055.237070099 +1.09516894e+02 +7.17264786e-03 6.609e+00
